0 0.130000 0.471429 0.254286 0.285714
0 0.088571 0.541429 0.171429 0.134286
0 0.058571 0.431429 0.111429 0.114286
0 0.184286 0.418571 0.140000 0.140000
0 0.185714 0.520000 0.080000 0.097143
0 0.430000 0.507143 0.060000 0.060000
0 0.354286 0.535714 0.040000 0.071429
0 0.200000 0.324286 0.080000 0.065714
0 0.038571 0.318571 0.071429 0.082857
0 0.254286 0.575714 0.091429 0.088571
0 0.035714 0.862857 0.065714 0.080000
0 0.105714 0.747143 0.205714 0.140000
0 0.095714 0.648571 0.054286 0.034286
0 0.140000 0.702857 0.062857 0.051429
0 0.240000 0.702857 0.068571 0.097143
0 0.317143 0.682857 0.091429 0.085714
0 0.341429 0.768571 0.054286 0.091429
0 0.335714 0.887143 0.162857 0.225714
0 0.675714 0.070000 0.122857 0.117143
0 0.405714 0.475714 0.325714 0.380000
0 0.612857 0.390000 0.151429 0.460000