0 0.368571 0.225714 0.262857 0.445714
0 0.724286 0.751429 0.082857 0.120000
0 0.581429 0.454286 0.157143 0.068571
0 0.615714 0.542857 0.088571 0.114286
0 0.668571 0.650000 0.062857 0.111429
0 0.735714 0.901429 0.094286 0.191429
0 0.498571 0.804286 0.054286 0.048571
0 0.372857 0.824286 0.031429 0.060000
0 0.522857 0.860000 0.034286 0.045714
0 0.541429 0.554286 0.202857 0.160000
0 0.575714 0.722857 0.077143 0.125714
0 0.588571 0.104286 0.062857 0.128571
0 0.761429 0.051429 0.082857 0.097143
0 0.934286 0.582857 0.074286 0.085714
0 0.951429 0.515714 0.045714 0.082857
0 0.982857 0.652857 0.034286 0.128571
0 0.652857 0.978571 0.042857 0.042857
0 0.595714 0.980000 0.060000 0.040000
0 0.471429 0.894286 0.171429 0.211429
0 0.477143 0.425714 0.148571 0.114286
0 0.340000 0.888571 0.085714 0.200000
0 0.762857 0.540000 0.091429 0.051429
0 0.041429 0.045714 0.077143 0.085714
0 0.045714 0.422857 0.074286 0.097143
0 0.040000 0.305714 0.074286 0.131429
0 0.042857 0.768571 0.080000 0.102857
0 0.515714 0.298571 0.071429 0.094286
0 0.687143 0.054286 0.060000 0.102857
0 0.925714 0.361429 0.074286 0.214286
0 0.975714 0.368571 0.048571 0.291429
0 0.890000 0.842857 0.071429 0.114286
0 0.888571 0.950000 0.120000 0.094286
0 0.194286 0.031429 0.131429 0.057143
0 0.071429 0.230000 0.137143 0.094286
0 0.048571 0.842857 0.091429 0.222857
0 0.361429 0.582857 0.122857 0.280000
0 0.451429 0.701429 0.154286 0.128571
0 0.617143 0.861429 0.108571 0.134286
0 0.798571 0.400000 0.088571 0.228571
0 0.640000 0.285714 0.251429 0.228571
0 0.892857 0.112857 0.214286 0.220000
0 0.217143 0.324286 0.085714 0.100000
0 0.225714 0.654286 0.165714 0.262857
0 0.192857 0.482857 0.191429 0.205714