0 0.218571 0.095714 0.174286 0.185714
0 0.248571 0.330000 0.188571 0.122857
0 0.860000 0.080000 0.097143 0.091429
0 0.935714 0.107143 0.128571 0.185714
0 0.985714 0.184286 0.028571 0.054286
0 0.954286 0.272857 0.091429 0.128571
0 0.870000 0.312857 0.185714 0.185714
0 0.512857 0.031429 0.060000 0.057143
0 0.718571 0.044286 0.082857 0.071429
0 0.340000 0.840000 0.062857 0.120000
0 0.231429 0.981429 0.045714 0.037143
0 0.237143 0.885714 0.045714 0.034286
0 0.225714 0.922857 0.051429 0.028571
0 0.307143 0.944286 0.100000 0.111429
0 0.410000 0.931429 0.111429 0.137143
0 0.557143 0.921429 0.062857 0.157143
0 0.911429 0.944286 0.097143 0.111429
0 0.578571 0.731429 0.105714 0.131429
0 0.762857 0.674286 0.137143 0.205714
0 0.651429 0.834286 0.085714 0.331429
0 0.724286 0.915714 0.054286 0.122857
0 0.848571 0.840000 0.097143 0.080000
0 0.951429 0.775714 0.097143 0.208571
0 0.895714 0.627143 0.094286 0.168571
0 0.840000 0.761429 0.074286 0.060000
0 0.621429 0.142857 0.054286 0.102857
0 0.632857 0.051429 0.037143 0.051429
0 0.677143 0.130000 0.040000 0.054286
0 0.708571 0.184286 0.068571 0.077143
0 0.775714 0.122857 0.088571 0.068571
0 0.744286 0.267143 0.065714 0.077143