0 0.475714 0.147143 0.191429 0.288571
0 0.202857 0.261429 0.182857 0.214286
0 0.578571 0.575714 0.185714 0.168571
0 0.942857 0.282857 0.114286 0.114286
0 0.967143 0.440000 0.065714 0.182857
0 0.035714 0.047143 0.065714 0.088571
0 0.217143 0.832857 0.131429 0.168571
0 0.432857 0.837143 0.048571 0.074286
0 0.555714 0.761429 0.037143 0.088571
0 0.065714 0.944286 0.125714 0.111429
0 0.082857 0.871429 0.062857 0.057143
0 0.107143 0.824286 0.065714 0.088571
0 0.034286 0.744286 0.062857 0.060000
0 0.081429 0.547143 0.157143 0.585714
0 0.332857 0.747143 0.100000 0.077143
0 0.380000 0.407143 0.062857 0.117143
0 0.602857 0.344286 0.154286 0.151429
0 0.692857 0.461429 0.162857 0.185714
0 0.224286 0.585714 0.082857 0.120000
0 0.194286 0.420000 0.182857 0.154286
0 0.265714 0.527143 0.314286 0.294286