0 0.304286 0.225714 0.602857 0.445714
0 0.661429 0.497143 0.145714 0.120000
0 0.405714 0.594286 0.102857 0.080000
0 0.458571 0.661429 0.185714 0.128571
0 0.320000 0.775714 0.091429 0.151429
0 0.968571 0.440000 0.062857 0.091429
0 0.854286 0.377143 0.057143 0.068571
0 0.725714 0.251429 0.125714 0.091429
0 0.068571 0.522857 0.131429 0.234286
0 0.018571 0.755714 0.031429 0.065714
0 0.125714 0.698571 0.194286 0.145714
0 0.304286 0.684286 0.122857 0.065714
0 0.892857 0.041429 0.151429 0.077143
0 0.977143 0.182857 0.045714 0.234286
0 0.978571 0.030000 0.042857 0.054286
0 0.901429 0.121429 0.082857 0.111429
0 0.777143 0.174286 0.068571 0.045714
0 0.851429 0.188571 0.125714 0.137143