0 0.218571 0.267143 0.094286 0.111429
0 0.134286 0.932857 0.125714 0.134286
0 0.068571 0.551429 0.097143 0.102857
0 0.424286 0.612857 0.060000 0.065714
0 0.665714 0.127143 0.074286 0.100000
0 0.067143 0.518571 0.128571 0.208571
0 0.111429 0.918571 0.217143 0.162857
0 0.241429 0.780000 0.105714 0.085714
0 0.380000 0.957143 0.137143 0.085714
0 0.568571 0.830000 0.194286 0.151429
0 0.074286 0.205714 0.142857 0.405714
0 0.231429 0.427143 0.102857 0.197143
0 0.217143 0.098571 0.120000 0.191429
0 0.355714 0.538571 0.088571 0.151429
0 0.394286 0.027143 0.125714 0.048571
0 0.535714 0.111429 0.122857 0.120000
0 0.534286 0.261429 0.097143 0.202857
0 0.670000 0.261429 0.145714 0.168571
0 0.694286 0.057143 0.205714 0.108571
0 0.780000 0.151429 0.091429 0.080000
0 0.794286 0.235714 0.108571 0.088571
0 0.912857 0.301429 0.117143 0.134286
0 0.604286 0.517143 0.248571 0.251429
0 0.771429 0.712857 0.240000 0.157143
0 0.804286 0.895714 0.111429 0.082857
0 0.880000 0.847143 0.062857 0.088571
0 0.815714 0.972857 0.111429 0.048571
0 0.712857 0.867143 0.105714 0.117143
0 0.578571 0.955714 0.128571 0.077143
0 0.402857 0.751429 0.114286 0.108571
0 0.267143 0.907143 0.134286 0.180000
0 0.865714 0.391429 0.194286 0.131429
0 0.800000 0.498571 0.222857 0.174286
0 0.385714 0.408571 0.205714 0.125714
0 0.474286 0.245714 0.108571 0.160000
0 0.361429 0.087143 0.151429 0.168571
0 0.361429 0.270000 0.140000 0.185714