0 0.510000 0.502857 0.105714 0.245714
0 0.795714 0.294286 0.128571 0.120000
0 0.670000 0.331429 0.128571 0.097143
0 0.741429 0.405714 0.111429 0.131429
0 0.607143 0.460000 0.168571 0.182857
0 0.405714 0.447143 0.120000 0.122857
0 0.400000 0.594286 0.171429 0.171429
0 0.174286 0.642857 0.131429 0.142857
0 0.347143 0.631429 0.168571 0.108571
0 0.310000 0.628571 0.208571 0.245714
0 0.684286 0.250000 0.077143 0.065714
0 0.515714 0.348571 0.214286 0.108571
0 0.844286 0.148571 0.128571 0.114286
0 0.677143 0.144286 0.148571 0.100000
0 0.561429 0.262857 0.151429 0.102857
0 0.422857 0.210000 0.097143 0.111429
0 0.292857 0.250000 0.197143 0.105714