0 0.574286 0.481429 0.148571 0.180000
0 0.581429 0.432857 0.048571 0.054286
0 0.597143 0.524286 0.057143 0.060000
0 0.488571 0.942857 0.102857 0.108571
0 0.394286 0.978571 0.068571 0.042857
0 0.428571 0.674286 0.080000 0.114286
0 0.822857 0.284286 0.068571 0.128571
0 0.627143 0.252857 0.054286 0.071429
0 0.574286 0.322857 0.062857 0.097143
0 0.940000 0.240000 0.045714 0.040000
0 0.754286 0.575714 0.131429 0.197143
0 0.844286 0.472857 0.094286 0.134286
0 0.928571 0.550000 0.142857 0.100000
0 0.925714 0.631429 0.091429 0.194286
0 0.971429 0.750000 0.057143 0.094286
0 0.590000 0.957143 0.134286 0.080000
0 0.655714 0.870000 0.117143 0.128571
0 0.640000 0.775714 0.171429 0.254286
0 0.762857 0.941429 0.051429 0.082857
0 0.972857 0.965714 0.054286 0.068571
0 0.904286 0.900000 0.134286 0.171429
0 0.944286 0.825714 0.111429 0.108571
0 0.801429 0.822857 0.157143 0.114286
0 0.815714 0.674286 0.134286 0.160000
0 0.981429 0.642857 0.037143 0.102857
0 0.297143 0.851429 0.062857 0.114286
0 0.955714 0.450000 0.088571 0.082857
0 0.914286 0.310000 0.091429 0.162857
0 0.841429 0.072857 0.111429 0.140000
0 0.168571 0.932857 0.114286 0.134286
0 0.468571 0.757143 0.080000 0.068571
0 0.487143 0.847143 0.065714 0.071429
0 0.712857 0.275714 0.077143 0.208571
0 0.631429 0.124286 0.080000 0.088571
0 0.724286 0.067143 0.220000 0.128571
0 0.937143 0.071429 0.125714 0.137143
0 0.891429 0.191429 0.217143 0.091429