0 0.117143 0.804286 0.085714 0.065714
0 0.178571 0.874286 0.065714 0.125714
0 0.624286 0.925714 0.048571 0.062857
0 0.254286 0.775714 0.062857 0.094286
0 0.515714 0.441429 0.088571 0.088571
0 0.425714 0.530000 0.097143 0.105714
0 0.298571 0.617143 0.100000 0.091429
0 0.322857 0.700000 0.080000 0.062857
0 0.245714 0.701429 0.045714 0.042857
0 0.181429 0.665714 0.100000 0.188571
0 0.238571 0.867143 0.060000 0.082857
0 0.187143 0.975714 0.060000 0.048571
0 0.258571 0.967143 0.082857 0.065714
0 0.072857 0.927143 0.140000 0.145714
0 0.435714 0.938571 0.100000 0.122857
0 0.500000 0.952857 0.051429 0.054286
0 0.708571 0.855714 0.142857 0.071429
0 0.247143 0.077143 0.122857 0.148571
0 0.934286 0.760000 0.068571 0.080000
0 0.684286 0.944286 0.060000 0.054286
0 0.750000 0.964286 0.060000 0.071429
0 0.550000 0.627143 0.071429 0.071429
0 0.400000 0.851429 0.080000 0.074286
0 0.418571 0.622857 0.088571 0.057143