0 0.520000 0.420000 0.120000 0.108571
0 0.621429 0.342857 0.060000 0.062857
0 0.642857 0.298571 0.097143 0.162857
0 0.235714 0.838571 0.100000 0.094286
0 0.602857 0.797143 0.045714 0.142857
0 0.362857 0.747143 0.068571 0.117143
0 0.442857 0.598571 0.040000 0.060000
0 0.421429 0.670000 0.071429 0.060000
0 0.537143 0.585714 0.045714 0.102857
0 0.700000 0.790000 0.074286 0.128571
0 0.634286 0.950000 0.045714 0.082857
0 0.940000 0.975714 0.080000 0.048571
0 0.980000 0.595714 0.040000 0.054286
0 0.977143 0.692857 0.045714 0.060000
0 0.882857 0.674286 0.045714 0.091429
0 0.620000 0.657143 0.102857 0.108571
0 0.685714 0.132857 0.131429 0.105714
0 0.535714 0.297143 0.128571 0.131429
0 0.804286 0.234286 0.111429 0.131429
0 0.718571 0.317143 0.105714 0.177143
0 0.700000 0.508571 0.085714 0.080000
0 0.665714 0.440000 0.120000 0.091429
0 0.615714 0.547143 0.100000 0.128571
0 0.251429 0.738571 0.097143 0.105714
0 0.808571 0.562857 0.051429 0.051429
0 0.754286 0.664286 0.045714 0.100000
0 0.698571 0.930000 0.082857 0.128571
0 0.774286 0.948571 0.142857 0.091429
0 0.857143 0.785714 0.120000 0.097143
0 0.875714 0.918571 0.185714 0.162857
0 0.914286 0.400000 0.171429 0.148571
0 0.362857 0.857143 0.154286 0.097143
0 0.307143 0.954286 0.162857 0.091429
0 0.947143 0.542857 0.100000 0.102857
0 0.512857 0.908571 0.100000 0.182857
0 0.662857 0.272857 0.068571 0.088571