0 0.074286 0.381429 0.142857 0.231429
0 0.055714 0.244286 0.042857 0.031429
0 0.560000 0.065714 0.114286 0.074286
0 0.240000 0.082857 0.114286 0.108571
0 0.102857 0.232857 0.074286 0.071429
0 0.175714 0.262857 0.054286 0.051429
0 0.241429 0.280000 0.082857 0.108571
0 0.342857 0.311429 0.045714 0.062857
0 0.321429 0.532857 0.048571 0.054286
0 0.032857 0.604286 0.060000 0.088571
0 0.057143 0.762857 0.051429 0.040000
0 0.165714 0.738571 0.074286 0.060000
0 0.658571 0.930000 0.048571 0.054286
0 0.578571 0.854286 0.202857 0.205714
0 0.950000 0.855714 0.100000 0.105714
0 0.921429 0.788571 0.157143 0.091429
0 0.935714 0.708571 0.088571 0.091429
0 0.948571 0.637143 0.102857 0.102857
0 0.858571 0.714286 0.094286 0.085714