0 0.351429 0.942857 0.148571 0.108571
0 0.585714 0.922857 0.108571 0.154286
0 0.830000 0.647143 0.117143 0.140000
0 0.742857 0.568571 0.125714 0.200000
0 0.252857 0.912857 0.500000 0.174286
0 0.035714 0.045714 0.065714 0.085714
0 0.544286 0.172857 0.734286 0.340000
0 0.415714 0.121429 0.077143 0.088571
0 0.865714 0.168571 0.068571 0.228571
0 0.537143 0.091429 0.611429 0.177143
0 0.380000 0.324286 0.120000 0.082857
0 0.357143 0.434286 0.108571 0.108571
0 0.617143 0.608571 0.051429 0.045714
0 0.715714 0.452857 0.054286 0.094286
0 0.442857 0.534286 0.880000 0.520000
0 0.365714 0.614286 0.102857 0.114286
0 0.220000 0.534286 0.182857 0.171429
0 0.585714 0.677143 0.114286 0.068571
0 0.644286 0.554286 0.094286 0.108571
0 0.452857 0.578571 0.145714 0.214286
0 0.555714 0.551429 0.088571 0.074286
0 0.222857 0.267143 0.131429 0.134286
0 0.541429 0.261429 0.151429 0.048571
0 0.567143 0.335714 0.151429 0.100000
0 0.552857 0.392857 0.208571 0.100000
0 0.525714 0.452857 0.045714 0.042857
0 0.600000 0.474286 0.040000 0.040000
0 0.647143 0.455714 0.048571 0.037143
0 0.150000 0.972857 0.060000 0.048571
0 0.910000 0.865714 0.025714 0.028571
0 0.948571 0.804286 0.074286 0.082857
0 0.940000 0.712857 0.051429 0.105714
0 0.922857 0.601429 0.051429 0.077143
0 0.888571 0.481429 0.137143 0.168571
0 0.914286 0.342857 0.080000 0.085714
0 0.802857 0.375714 0.091429 0.077143
0 0.671429 0.845714 0.045714 0.040000
0 0.855714 0.978571 0.065714 0.042857
0 0.727143 0.935714 0.162857 0.128571
0 0.518571 0.940000 0.145714 0.120000