0 0.478571 0.482857 0.122857 0.137143
0 0.320000 0.468571 0.108571 0.074286
0 0.421429 0.535714 0.128571 0.094286
0 0.517143 0.618571 0.074286 0.071429
0 0.555714 0.474286 0.048571 0.051429
0 0.614286 0.551429 0.062857 0.080000
0 0.387143 0.355714 0.065714 0.077143
0 0.421429 0.234286 0.105714 0.137143
0 0.577143 0.398571 0.211429 0.208571
0 0.590000 0.157143 0.380000 0.308571
0 0.495714 0.130000 0.071429 0.117143
0 0.830000 0.317143 0.242857 0.108571
0 0.822857 0.202857 0.160000 0.125714
0 0.902857 0.181429 0.154286 0.185714
0 0.821429 0.415714 0.248571 0.117143
0 0.770000 0.482857 0.117143 0.114286
0 0.067143 0.534286 0.128571 0.120000
0 0.134286 0.920000 0.200000 0.068571
0 0.244286 0.901429 0.082857 0.122857
0 0.391429 0.798571 0.125714 0.140000
0 0.508571 0.737143 0.125714 0.131429
0 0.414286 0.681429 0.114286 0.140000
0 0.598571 0.768571 0.054286 0.108571
0 0.538571 0.855714 0.117143 0.100000
0 0.244286 0.587143 0.191429 0.100000
0 0.242857 0.701429 0.160000 0.128571
0 0.067143 0.662857 0.128571 0.102857
0 0.072857 0.745714 0.140000 0.114286
0 0.104286 0.842857 0.202857 0.097143
0 0.290000 0.402857 0.082857 0.074286
0 0.901429 0.941429 0.071429 0.111429
0 0.671429 0.828571 0.120000 0.102857
0 0.572857 0.587143 0.105714 0.105714