0 0.377143 0.602857 0.142857 0.114286
0 0.547143 0.677143 0.060000 0.097143
0 0.617143 0.758571 0.057143 0.088571
0 0.635714 0.904286 0.277143 0.191429
0 0.141429 0.661429 0.105714 0.117143
0 0.067143 0.391429 0.128571 0.177143
0 0.227143 0.342857 0.128571 0.080000
0 0.152857 0.420000 0.300000 0.308571
0 0.131429 0.708571 0.257143 0.422857
0 0.450000 0.562857 0.334286 0.217143
0 0.640000 0.810000 0.320000 0.374286
0 0.955714 0.072857 0.088571 0.140000
0 0.727143 0.382857 0.094286 0.102857
0 0.321429 0.095714 0.140000 0.185714
0 0.445714 0.232857 0.102857 0.134286
0 0.567143 0.024286 0.088571 0.042857
0 0.567143 0.374286 0.140000 0.200000
0 0.774286 0.220000 0.097143 0.177143
0 0.952857 0.590000 0.094286 0.105714
0 0.955714 0.655714 0.088571 0.065714
0 0.985714 0.711429 0.028571 0.137143
0 0.957143 0.215714 0.040000 0.054286
0 0.940000 0.357143 0.091429 0.114286
0 0.874286 0.035714 0.057143 0.065714
0 0.781429 0.082857 0.088571 0.091429
0 0.685714 0.068571 0.188571 0.131429
0 0.690000 0.585714 0.054286 0.114286
0 0.522857 0.951429 0.171429 0.097143
0 0.358571 0.987143 0.048571 0.025714
0 0.207143 0.740000 0.082857 0.057143
0 0.068571 0.844286 0.074286 0.140000
0 0.031429 0.732857 0.057143 0.208571
0 0.344286 0.238571 0.042857 0.037143
0 0.302857 0.197143 0.040000 0.045714
0 0.522857 0.204286 0.080000 0.122857
0 0.425714 0.114286 0.091429 0.200000
0 0.260000 0.867143 0.051429 0.037143
0 0.194286 0.910000 0.051429 0.037143
0 0.354286 0.912857 0.120000 0.088571
0 0.430000 0.752857 0.105714 0.111429
0 0.338571 0.758571 0.174286 0.225714
0 0.812857 0.794286 0.111429 0.211429
0 0.858571 0.962857 0.145714 0.074286
0 0.605714 0.248571 0.080000 0.074286