0 0.044286 0.271429 0.082857 0.211429
0 0.172857 0.542857 0.077143 0.171429
0 0.152857 0.792857 0.300000 0.408571
0 0.594286 0.900000 0.194286 0.200000
0 0.958571 0.760000 0.082857 0.102857
0 0.847143 0.850000 0.271429 0.237143
0 0.707143 0.581429 0.242857 0.328571
0 0.414286 0.811429 0.268571 0.377143
0 0.462857 0.315714 0.314286 0.625714
0 0.925714 0.061429 0.148571 0.111429
0 0.947143 0.192857 0.105714 0.185714
0 0.732857 0.037143 0.231429 0.068571
0 0.218571 0.142857 0.077143 0.080000
0 0.258571 0.218571 0.134286 0.088571
0 0.320000 0.132857 0.068571 0.088571
0 0.094286 0.087143 0.182857 0.168571
0 0.590000 0.242857 0.625714 0.394286
0 0.921429 0.305714 0.077143 0.068571