0 0.518571 0.872857 0.134286 0.117143
0 0.960000 0.825714 0.080000 0.131429
0 0.841429 0.917143 0.191429 0.165714
0 0.610000 0.261429 0.082857 0.077143
0 0.501429 0.238571 0.077143 0.082857
0 0.388571 0.174286 0.114286 0.091429
0 0.665714 0.552857 0.171429 0.265714
0 0.305714 0.065714 0.257143 0.125714
0 0.295714 0.495714 0.151429 0.157143
0 0.758571 0.975714 0.151429 0.048571
0 0.858571 0.742857 0.094286 0.125714
0 0.668571 0.872857 0.171429 0.157143
0 0.251429 0.724286 0.091429 0.054286
0 0.330000 0.772857 0.054286 0.077143
0 0.338571 0.702857 0.088571 0.051429
0 0.267143 0.642857 0.100000 0.114286
0 0.347143 0.611429 0.082857 0.091429
0 0.435714 0.680000 0.100000 0.165714
0 0.530000 0.648571 0.111429 0.125714
0 0.454286 0.580000 0.074286 0.080000
0 0.437143 0.478571 0.188571 0.100000
0 0.541429 0.537143 0.117143 0.120000
0 0.402857 0.404286 0.085714 0.071429
0 0.471429 0.391429 0.085714 0.091429
0 0.518571 0.341429 0.134286 0.082857
0 0.250000 0.150000 0.065714 0.082857
0 0.228571 0.338571 0.074286 0.111429
0 0.257143 0.270000 0.051429 0.048571
0 0.347143 0.292857 0.100000 0.048571
0 0.467143 0.047143 0.111429 0.088571
0 0.721429 0.227143 0.134286 0.134286
0 0.812857 0.424286 0.100000 0.105714
0 0.787143 0.332857 0.105714 0.088571
0 0.828571 0.242857 0.080000 0.097143
0 0.891429 0.278571 0.108571 0.305714
0 0.971429 0.221429 0.057143 0.071429
0 0.954286 0.395714 0.091429 0.225714
0 0.925714 0.574286 0.148571 0.154286
0 0.964286 0.684286 0.071429 0.094286
0 0.800000 0.078571 0.148571 0.151429
0 0.568571 0.178571 0.051429 0.048571
0 0.618571 0.082857 0.202857 0.160000