0 0.800000 0.365714 0.131429 0.205714
0 0.054286 0.277143 0.102857 0.120000
0 0.128571 0.074286 0.251429 0.142857
0 0.584286 0.065714 0.060000 0.051429
0 0.031429 0.390000 0.057143 0.151429
0 0.260000 0.644286 0.080000 0.088571
0 0.190000 0.550000 0.060000 0.105714
0 0.128571 0.624286 0.034286 0.065714
0 0.087143 0.662857 0.077143 0.068571
0 0.161429 0.721429 0.162857 0.071429
0 0.117143 0.777143 0.080000 0.068571
0 0.168571 0.804286 0.068571 0.105714
0 0.281429 0.730000 0.042857 0.042857
0 0.514286 0.127143 0.074286 0.065714
0 0.427143 0.647143 0.071429 0.117143
0 0.377143 0.670000 0.045714 0.054286
0 0.194286 0.965714 0.097143 0.068571
0 0.304286 0.872857 0.174286 0.111429
0 0.328571 0.791429 0.074286 0.125714
0 0.404286 0.775714 0.105714 0.145714
0 0.482857 0.655714 0.062857 0.077143
0 0.778571 0.504286 0.060000 0.060000
0 0.790000 0.587143 0.071429 0.088571
0 0.190000 0.284286 0.134286 0.065714
0 0.601429 0.382857 0.117143 0.074286
0 0.255714 0.032857 0.065714 0.060000
0 0.170000 0.172857 0.082857 0.094286
0 0.242857 0.231429 0.085714 0.091429
0 0.052857 0.974286 0.100000 0.051429
0 0.552857 0.932857 0.202857 0.134286
0 0.575714 0.817143 0.088571 0.085714
0 0.665714 0.730000 0.154286 0.180000
0 0.888571 0.772857 0.091429 0.088571
0 0.864286 0.862857 0.060000 0.062857
0 0.841429 0.522857 0.082857 0.142857
0 0.917143 0.424286 0.114286 0.225714
0 0.727143 0.458571 0.065714 0.122857
0 0.688571 0.617143 0.120000 0.074286
0 0.928571 0.202857 0.142857 0.228571
0 0.645714 0.021429 0.080000 0.037143