0 0.074286 0.221429 0.142857 0.140000
0 0.172857 0.097143 0.117143 0.188571
0 0.282857 0.074286 0.120000 0.142857
0 0.180000 0.157143 0.354286 0.308571
0 0.782857 0.924286 0.434286 0.151429
0 0.522857 0.191429 0.377143 0.377143
0 0.234286 0.667143 0.062857 0.071429
0 0.321429 0.604286 0.082857 0.088571
0 0.394286 0.518571 0.085714 0.162857
0 0.474286 0.602857 0.125714 0.120000
0 0.431429 0.698571 0.091429 0.145714
0 0.390000 0.747143 0.168571 0.071429
0 0.404286 0.891429 0.168571 0.188571
0 0.531429 0.835714 0.091429 0.185714
0 0.628571 0.664286 0.114286 0.311429
0 0.742857 0.785714 0.314286 0.148571
0 0.784286 0.630000 0.111429 0.174286
0 0.745714 0.464286 0.188571 0.197143
0 0.555714 0.302857 0.517143 0.160000
0 0.061429 0.490000 0.054286 0.048571
0 0.494286 0.434286 0.108571 0.085714
0 0.517143 0.514286 0.074286 0.108571
0 0.601429 0.442857 0.134286 0.131429
0 0.725714 0.220000 0.057143 0.074286