0 0.798571 0.417143 0.122857 0.188571
0 0.910000 0.365714 0.180000 0.137143
0 0.955714 0.470000 0.082857 0.071429
0 0.818571 0.548571 0.048571 0.062857
0 0.855714 0.575714 0.060000 0.048571
0 0.801429 0.692857 0.162857 0.071429
0 0.544286 0.847143 0.065714 0.111429
0 0.608571 0.840000 0.057143 0.085714
0 0.388571 0.501429 0.068571 0.082857
0 0.472857 0.517143 0.105714 0.074286
0 0.524286 0.370000 0.117143 0.162857
0 0.488571 0.234286 0.137143 0.177143
0 0.295714 0.260000 0.122857 0.085714
0 0.470000 0.108571 0.128571 0.114286
0 0.302857 0.137143 0.114286 0.154286
0 0.700000 0.190000 0.125714 0.094286
0 0.670000 0.317143 0.128571 0.080000
0 0.854286 0.262857 0.097143 0.137143
0 0.965714 0.265714 0.068571 0.080000
0 0.942857 0.155714 0.114286 0.134286
0 0.768571 0.282857 0.097143 0.080000
0 0.537143 0.551429 0.091429 0.080000
0 0.405714 0.220000 0.085714 0.085714
0 0.724286 0.837143 0.111429 0.114286
0 0.638571 0.781429 0.037143 0.042857
0 0.737143 0.751429 0.062857 0.085714
0 0.691429 0.385714 0.097143 0.080000
0 0.588571 0.660000 0.097143 0.137143
0 0.342857 0.515714 0.102857 0.082857
0 0.668571 0.112857 0.068571 0.071429
0 0.697143 0.455714 0.085714 0.117143
0 0.700000 0.562857 0.051429 0.097143
0 0.742857 0.037143 0.085714 0.068571
0 0.611429 0.057143 0.165714 0.108571
0 0.397143 0.314286 0.114286 0.148571
0 0.444286 0.685714 0.134286 0.108571
0 0.320000 0.657143 0.125714 0.234286
0 0.432857 0.594286 0.134286 0.097143
0 0.274286 0.327143 0.091429 0.088571
0 0.870000 0.048571 0.077143 0.091429
0 0.817143 0.825714 0.120000 0.137143
0 0.935714 0.614286 0.128571 0.177143
0 0.604286 0.211429 0.117143 0.068571
0 0.375714 0.070000 0.220000 0.134286