0 0.771429 0.441429 0.200000 0.134286
0 0.910000 0.485714 0.077143 0.085714
0 0.955714 0.388571 0.088571 0.091429
0 0.892857 0.171429 0.151429 0.120000
0 0.934286 0.051429 0.068571 0.068571
0 0.762857 0.124286 0.160000 0.185714
0 0.498571 0.218571 0.151429 0.082857
0 0.428571 0.032857 0.137143 0.060000
0 0.320000 0.027143 0.034286 0.042857
0 0.541429 0.021429 0.042857 0.037143
0 0.600000 0.107143 0.205714 0.168571
0 0.145714 0.645714 0.102857 0.125714
0 0.292857 0.622857 0.174286 0.074286
0 0.421429 0.112857 0.134286 0.105714
0 0.621429 0.431429 0.180000 0.148571
0 0.060000 0.487143 0.114286 0.088571
0 0.184286 0.420000 0.094286 0.057143
0 0.307143 0.127143 0.082857 0.157143
0 0.357143 0.224286 0.148571 0.134286
0 0.745714 0.024286 0.160000 0.042857
0 0.970000 0.167143 0.060000 0.162857
0 0.954286 0.294286 0.091429 0.125714
0 0.657143 0.304286 0.080000 0.100000
0 0.550000 0.302857 0.140000 0.091429
0 0.382857 0.574286 0.165714 0.120000
0 0.247143 0.540000 0.077143 0.120000
0 0.105714 0.584286 0.108571 0.145714
0 0.607143 0.971429 0.145714 0.057143
0 0.590000 0.875714 0.094286 0.054286
0 0.432857 0.864286 0.117143 0.082857
0 0.525714 0.922857 0.102857 0.102857
0 0.434286 0.968571 0.142857 0.062857
0 0.492857 0.621429 0.082857 0.077143
0 0.710000 0.551429 0.162857 0.125714
0 0.970000 0.494286 0.060000 0.137143