0 0.757143 0.277143 0.125714 0.091429
0 0.812857 0.370000 0.088571 0.054286
0 0.785714 0.441429 0.062857 0.048571
0 0.535714 0.980000 0.134286 0.040000
0 0.771429 0.964286 0.308571 0.071429
0 0.568571 0.435714 0.594286 0.180000
0 0.240000 0.411429 0.142857 0.165714
0 0.501429 0.295714 0.402857 0.128571
0 0.930000 0.484286 0.140000 0.168571
0 0.441429 0.535714 0.117143 0.065714
0 0.580000 0.210000 0.074286 0.060000
0 0.801429 0.561429 0.077143 0.088571
0 0.667143 0.534286 0.082857 0.120000
0 0.898571 0.092857 0.202857 0.180000
0 0.895714 0.290000 0.208571 0.214286
0 0.567143 0.567143 0.077143 0.048571
0 0.074286 0.767143 0.074286 0.071429
0 0.021429 0.908571 0.037143 0.085714
0 0.037143 0.820000 0.068571 0.102857