0 0.371429 0.641429 0.160000 0.082857
0 0.178571 0.517143 0.088571 0.120000
0 0.145714 0.277143 0.040000 0.040000
0 0.841429 0.158571 0.077143 0.088571
0 0.562857 0.540000 0.165714 0.131429
0 0.610000 0.520000 0.065714 0.142857
0 0.711429 0.412857 0.085714 0.082857
0 0.724286 0.591429 0.042857 0.057143
0 0.862857 0.610000 0.102857 0.145714
0 0.550000 0.721429 0.060000 0.157143
0 0.701429 0.751429 0.077143 0.062857
0 0.508571 0.844286 0.051429 0.048571
0 0.781429 0.017143 0.077143 0.028571
0 0.684286 0.021429 0.054286 0.037143
0 0.081429 0.137143 0.065714 0.040000
0 0.022857 0.177143 0.040000 0.080000
0 0.207143 0.292857 0.094286 0.105714
0 0.908571 0.108571 0.108571 0.068571
0 0.927143 0.035714 0.042857 0.065714
0 0.392857 0.395714 0.117143 0.151429
0 0.674286 0.978571 0.057143 0.042857
0 0.718571 0.964286 0.054286 0.071429
0 0.790000 0.964286 0.071429 0.071429
0 0.875714 0.378571 0.197143 0.197143
0 0.977143 0.574286 0.045714 0.137143
0 0.977143 0.732857 0.045714 0.054286
0 0.920000 0.784286 0.085714 0.122857
0 0.767143 0.815714 0.094286 0.128571
0 0.102857 0.961429 0.062857 0.077143
0 0.210000 0.921429 0.094286 0.157143
0 0.248571 0.577143 0.114286 0.108571
0 0.241429 0.484286 0.071429 0.077143
0 0.744286 0.081429 0.105714 0.054286
0 0.475714 0.618571 0.077143 0.094286
0 0.517143 0.741429 0.091429 0.088571
0 0.598571 0.878571 0.037143 0.060000
0 0.560000 0.890000 0.068571 0.054286
0 0.138571 0.205714 0.100000 0.102857
0 0.947143 0.911429 0.105714 0.154286
0 0.767143 0.695714 0.128571 0.128571