0 0.275714 0.702857 0.065714 0.160000
0 0.298571 0.578571 0.031429 0.054286
0 0.334286 0.495714 0.040000 0.088571
0 0.608571 0.388571 0.102857 0.137143
0 0.360000 0.195714 0.245714 0.385714
0 0.622857 0.114286 0.754286 0.222857
0 0.827143 0.471429 0.248571 0.531429
0 0.748571 0.647143 0.137143 0.140000
0 0.521429 0.782857 0.585714 0.434286
0 0.790000 0.061429 0.082857 0.117143
0 0.894286 0.150000 0.188571 0.197143
0 0.917143 0.637143 0.074286 0.108571
0 0.312857 0.864286 0.122857 0.225714
0 0.381429 0.697143 0.082857 0.154286
0 0.764286 0.895714 0.111429 0.208571
0 0.720000 0.427143 0.217143 0.294286