0 0.132857 0.204286 0.220000 0.180000
0 0.257143 0.188571 0.045714 0.051429
0 0.337143 0.111429 0.068571 0.057143
0 0.811429 0.168571 0.051429 0.034286
0 0.820000 0.234286 0.085714 0.051429
0 0.757143 0.230000 0.045714 0.082857
0 0.918571 0.188571 0.071429 0.085714
0 0.940000 0.328571 0.068571 0.108571
0 0.848571 0.060000 0.108571 0.091429
0 0.957143 0.040000 0.080000 0.074286
0 0.838571 0.318571 0.071429 0.071429
0 0.244286 0.907143 0.088571 0.185714
0 0.145714 0.864286 0.114286 0.271429
0 0.342857 0.494286 0.171429 0.182857
0 0.481429 0.482857 0.100000 0.108571
0 0.381429 0.691429 0.094286 0.080000
0 0.661429 0.554286 0.071429 0.182857
0 0.851429 0.435714 0.160000 0.105714
0 0.515714 0.845714 0.048571 0.051429
0 0.600000 0.947143 0.097143 0.100000
0 0.722857 0.864286 0.080000 0.265714
0 0.860000 0.925714 0.177143 0.148571
0 0.914286 0.840000 0.091429 0.085714
0 0.808571 0.548571 0.154286 0.142857
0 0.378571 0.900000 0.202857 0.200000
0 0.478571 0.668571 0.105714 0.240000
0 0.544286 0.568571 0.117143 0.148571
0 0.502857 0.347143 0.177143 0.185714
0 0.877143 0.674286 0.125714 0.165714
0 0.582857 0.828571 0.068571 0.114286
0 0.687143 0.704286 0.117143 0.134286
0 0.627143 0.774286 0.065714 0.074286
0 0.825714 0.804286 0.085714 0.105714
0 0.975714 0.765714 0.048571 0.148571
0 0.981429 0.608571 0.037143 0.114286
0 0.907143 0.477143 0.065714 0.137143
0 0.078571 0.644286 0.151429 0.180000
0 0.172857 0.652857 0.077143 0.162857
0 0.025714 0.285714 0.045714 0.074286
0 0.221429 0.455714 0.077143 0.174286
0 0.331429 0.374286 0.074286 0.074286
0 0.380000 0.337143 0.040000 0.045714
0 0.108571 0.038571 0.080000 0.071429
0 0.278571 0.121429 0.042857 0.054286
0 0.325714 0.044286 0.051429 0.077143
0 0.437143 0.095714 0.068571 0.111429
0 0.445714 0.051429 0.171429 0.097143
0 0.608571 0.111429 0.085714 0.097143
0 0.458571 0.188571 0.054286 0.057143
0 0.505714 0.211429 0.080000 0.102857
0 0.367143 0.184286 0.054286 0.048571
0 0.281429 0.291429 0.082857 0.102857
0 0.342857 0.300000 0.057143 0.045714
0 0.330000 0.231429 0.060000 0.057143
0 0.055714 0.331429 0.105714 0.137143
0 0.085714 0.481429 0.165714 0.168571
0 0.074286 0.755714 0.080000 0.077143
0 0.022857 0.778571 0.040000 0.094286
0 0.045714 0.912857 0.068571 0.174286
0 0.700000 0.400000 0.125714 0.108571
0 0.300000 0.684286 0.120000 0.214286