0 0.511429 0.605714 0.205714 0.154286
0 0.602857 0.782857 0.120000 0.211429
0 0.694286 0.911429 0.165714 0.177143
0 0.505714 0.714286 0.114286 0.177143
0 0.300000 0.645714 0.125714 0.114286
0 0.324286 0.724286 0.117143 0.122857
0 0.458571 0.862857 0.122857 0.120000
0 0.408571 0.750000 0.074286 0.082857
0 0.942857 0.178571 0.114286 0.174286
0 0.125714 0.631429 0.085714 0.080000
0 0.132857 0.725714 0.082857 0.125714
0 0.200000 0.671429 0.068571 0.085714
0 0.248571 0.747143 0.074286 0.100000
0 0.297143 0.835714 0.074286 0.122857
0 0.371429 0.470000 0.074286 0.117143
0 0.552857 0.468571 0.157143 0.137143
0 0.458571 0.344286 0.065714 0.111429
0 0.557143 0.368571 0.154286 0.091429
0 0.675714 0.444286 0.117143 0.105714
0 0.695714 0.608571 0.185714 0.234286
0 0.764286 0.475714 0.082857 0.117143
0 0.821429 0.530000 0.065714 0.077143
0 0.845714 0.591429 0.057143 0.074286
0 0.712857 0.802857 0.111429 0.074286
0 0.780000 0.811429 0.097143 0.182857
0 0.887143 0.645714 0.054286 0.062857
0 0.924286 0.705714 0.060000 0.080000
0 0.881429 0.785714 0.082857 0.102857
0 0.390000 0.950000 0.140000 0.100000