0 0.768571 0.308571 0.137143 0.211429
0 0.662857 0.252857 0.051429 0.065714
0 0.558571 0.072857 0.105714 0.082857
0 0.631429 0.145714 0.108571 0.120000
0 0.427143 0.117143 0.065714 0.228571
0 0.328571 0.107143 0.062857 0.065714
0 0.198571 0.420000 0.082857 0.120000
0 0.261429 0.491429 0.100000 0.137143
0 0.134286 0.450000 0.097143 0.065714
0 0.211429 0.050000 0.154286 0.094286
0 0.045714 0.102857 0.085714 0.200000
0 0.347143 0.661429 0.048571 0.168571
0 0.218571 0.680000 0.197143 0.091429
0 0.234286 0.600000 0.108571 0.091429
0 0.677143 0.961429 0.051429 0.077143
0 0.668571 0.444286 0.091429 0.100000
0 0.490000 0.502857 0.071429 0.205714
0 0.548571 0.480000 0.097143 0.102857
0 0.421429 0.457143 0.060000 0.057143
0 0.457143 0.627143 0.080000 0.122857
0 0.335714 0.802857 0.082857 0.045714
0 0.404286 0.742857 0.071429 0.080000
0 0.464286 0.880000 0.037143 0.028571
0 0.431429 0.927143 0.057143 0.060000
0 0.577143 0.930000 0.137143 0.122857
0 0.430000 0.830000 0.071429 0.037143
0 0.582857 0.838571 0.120000 0.042857
0 0.620000 0.814286 0.045714 0.034286
0 0.594286 0.770000 0.062857 0.060000
0 0.534286 0.738571 0.074286 0.042857
0 0.512857 0.692857 0.185714 0.174286
0 0.664286 0.541429 0.042857 0.054286
0 0.791429 0.555714 0.074286 0.117143
0 0.714286 0.534286 0.062857 0.080000
0 0.887143 0.105714 0.054286 0.062857
0 0.207143 0.832857 0.105714 0.105714
0 0.100000 0.732857 0.068571 0.054286
0 0.348571 0.892857 0.085714 0.065714
0 0.158571 0.168571 0.071429 0.120000
0 0.255714 0.245714 0.071429 0.171429
0 0.338571 0.272857 0.082857 0.054286
0 0.268571 0.340000 0.097143 0.068571
0 0.868571 0.464286 0.051429 0.077143
0 0.954286 0.461429 0.057143 0.100000
0 0.870000 0.551429 0.037143 0.051429
0 0.935714 0.564286 0.071429 0.122857
0 0.967143 0.295714 0.042857 0.117143
0 0.854286 0.328571 0.051429 0.211429
0 0.904286 0.267143 0.037143 0.117143
0 0.920000 0.108571 0.102857 0.211429
0 0.970000 0.084286 0.060000 0.162857
0 0.572857 0.402857 0.157143 0.108571
0 0.531429 0.122857 0.108571 0.234286
0 0.727143 0.077143 0.082857 0.148571
0 0.850000 0.158571 0.100000 0.134286
0 0.810000 0.052857 0.088571 0.100000
0 0.727143 0.940000 0.077143 0.085714
0 0.811429 0.924286 0.045714 0.077143
0 0.501429 0.955714 0.065714 0.060000
0 0.412857 0.978571 0.111429 0.042857
0 0.348571 0.495714 0.102857 0.071429
0 0.831429 0.777143 0.114286 0.245714
0 0.687143 0.651429 0.174286 0.120000
0 0.694286 0.770000 0.142857 0.134286