0 0.545714 0.400000 0.325714 0.297143
0 0.485714 0.575714 0.142857 0.134286
0 0.585714 0.568571 0.080000 0.085714
0 0.731429 0.647143 0.314286 0.242857
0 0.608571 0.722857 0.165714 0.097143
0 0.858571 0.800000 0.100000 0.142857
0 0.927143 0.677143 0.145714 0.137143
0 0.617143 0.134286 0.057143 0.051429
0 0.890000 0.087143 0.220000 0.168571
0 0.210000 0.672857 0.094286 0.082857
0 0.302857 0.777143 0.108571 0.102857
0 0.422857 0.038571 0.102857 0.071429
0 0.755714 0.815714 0.145714 0.134286
0 0.868571 0.911429 0.120000 0.085714
0 0.944286 0.815714 0.111429 0.162857
0 0.578571 0.962857 0.128571 0.074286
0 0.381429 0.680000 0.082857 0.108571
0 0.187143 0.155714 0.105714 0.042857
0 0.321429 0.215714 0.088571 0.117143
0 0.345714 0.324286 0.045714 0.117143
0 0.152857 0.408571 0.300000 0.320000
0 0.282857 0.665714 0.171429 0.200000
0 0.377143 0.544286 0.097143 0.214286
0 0.065714 0.610000 0.125714 0.100000
0 0.080000 0.712857 0.154286 0.117143
0 0.132857 0.852857 0.260000 0.294286
0 0.357143 0.940000 0.102857 0.108571
0 0.465714 0.814286 0.160000 0.171429
0 0.470000 0.930000 0.117143 0.134286
0 0.627143 0.822857 0.157143 0.148571
0 0.651429 0.894286 0.085714 0.102857
0 0.702857 0.941429 0.062857 0.117143
0 0.784286 0.938571 0.065714 0.122857
0 0.922857 0.334286 0.114286 0.102857
0 0.780000 0.244286 0.165714 0.168571
0 0.654286 0.208571 0.125714 0.114286
0 0.634286 0.075714 0.308571 0.145714
0 0.492857 0.214286 0.162857 0.142857
0 0.961429 0.974286 0.077143 0.051429
0 0.758571 0.430000 0.060000 0.071429
0 0.840000 0.465714 0.102857 0.062857
0 0.900000 0.502857 0.125714 0.120000
0 0.974286 0.445714 0.051429 0.211429
0 0.228571 0.285714 0.148571 0.211429
0 0.124286 0.065714 0.077143 0.125714
0 0.230000 0.057143 0.071429 0.080000