0 0.142857 0.932857 0.280000 0.134286
0 0.348571 0.831429 0.154286 0.154286
0 0.347143 0.428571 0.117143 0.154286
0 0.471429 0.328571 0.034286 0.028571
0 0.515714 0.335714 0.025714 0.025714
0 0.571429 0.322857 0.057143 0.051429
0 0.377143 0.561429 0.114286 0.111429
0 0.477143 0.587143 0.057143 0.065714
0 0.585714 0.568571 0.148571 0.222857
0 0.655714 0.594286 0.082857 0.154286
0 0.718571 0.582857 0.054286 0.085714
0 0.727143 0.650000 0.082857 0.088571
0 0.804286 0.494286 0.117143 0.114286
0 0.057143 0.264286 0.108571 0.117143
0 0.057143 0.398571 0.108571 0.174286
0 0.655714 0.187143 0.254286 0.117143
0 0.522857 0.077143 0.131429 0.148571
0 0.602857 0.030000 0.211429 0.054286
0 0.890000 0.227143 0.220000 0.100000
0 0.835714 0.135714 0.060000 0.094286
0 0.091429 0.125714 0.137143 0.160000
0 0.172857 0.027143 0.105714 0.048571
0 0.965714 0.408571 0.068571 0.125714
0 0.790000 0.914286 0.117143 0.165714
0 0.284286 0.084286 0.128571 0.162857
0 0.128571 0.518571 0.045714 0.105714
0 0.034286 0.572857 0.062857 0.071429
0 0.440000 0.342857 0.068571 0.120000
0 0.521429 0.404286 0.088571 0.111429
0 0.420000 0.690000 0.125714 0.140000
0 0.962857 0.682857 0.074286 0.160000
0 0.858571 0.695714 0.202857 0.105714
0 0.620000 0.715714 0.114286 0.077143
0 0.554286 0.770000 0.137143 0.054286
0 0.515714 0.954286 0.174286 0.091429