0 0.635714 0.717143 0.071429 0.131429
0 0.851429 0.185714 0.062857 0.102857
0 0.951429 0.242857 0.045714 0.062857
0 0.905714 0.291429 0.045714 0.045714
0 0.972857 0.322857 0.042857 0.062857
0 0.882857 0.441429 0.120000 0.168571
0 0.730000 0.664286 0.100000 0.162857
0 0.817143 0.645714 0.080000 0.080000
0 0.877143 0.581429 0.068571 0.088571
0 0.954286 0.487143 0.091429 0.197143
0 0.685714 0.841429 0.068571 0.134286
0 0.974286 0.851429 0.051429 0.080000
0 0.745714 0.927143 0.102857 0.088571
0 0.745714 0.851429 0.074286 0.080000
0 0.838571 0.841429 0.100000 0.088571
0 0.837143 0.744286 0.080000 0.077143
0 0.945714 0.634286 0.108571 0.091429
0 0.970000 0.684286 0.060000 0.151429
0 0.914286 0.732857 0.080000 0.117143
0 0.852857 0.352857 0.071429 0.071429
0 0.908571 0.234286 0.068571 0.097143
0 0.937143 0.158571 0.057143 0.065714