0 0.042857 0.101429 0.080000 0.197143
0 0.890000 0.144286 0.048571 0.077143
0 0.935714 0.208571 0.031429 0.057143
0 0.918571 0.934286 0.065714 0.040000
0 0.984286 0.977143 0.031429 0.045714
0 0.927143 0.982857 0.094286 0.034286
0 0.802857 0.965714 0.102857 0.068571
0 0.405714 0.857143 0.074286 0.068571
0 0.362857 0.940000 0.068571 0.074286
0 0.405714 0.937143 0.062857 0.102857
0 0.464286 0.975714 0.048571 0.048571
0 0.484286 0.920000 0.048571 0.085714
0 0.557143 0.842857 0.045714 0.080000
0 0.458571 0.825714 0.265714 0.348571
0 0.912857 0.020000 0.054286 0.034286
0 0.711429 0.057143 0.160000 0.108571
0 0.600000 0.375714 0.051429 0.174286
0 0.304286 0.272857 0.231429 0.071429
0 0.195714 0.365714 0.077143 0.177143
0 0.270000 0.507143 0.077143 0.128571
0 0.277143 0.615714 0.091429 0.088571
0 0.490000 0.181429 0.060000 0.345714
0 0.455714 0.438571 0.191429 0.174286
0 0.352857 0.572857 0.065714 0.088571
0 0.890000 0.708571 0.157143 0.074286
0 0.252857 0.818571 0.145714 0.357143
0 0.111429 0.808571 0.217143 0.200000
0 0.854286 0.271429 0.051429 0.051429
0 0.951429 0.351429 0.097143 0.091429
0 0.335714 0.058571 0.191429 0.111429
0 0.132857 0.150000 0.134286 0.077143
0 0.088571 0.547143 0.097143 0.111429
0 0.062857 0.667143 0.068571 0.065714
0 0.438571 0.740000 0.180000 0.148571
0 0.490000 0.641429 0.060000 0.082857
0 0.601429 0.760000 0.162857 0.114286
0 0.800000 0.880000 0.057143 0.040000
0 0.721429 0.947143 0.168571 0.105714
0 0.761429 0.628571 0.145714 0.097143