0 0.474286 0.211429 0.102857 0.165714
0 0.357143 0.232857 0.125714 0.060000
0 0.134286 0.594286 0.154286 0.097143
0 0.351429 0.585714 0.297143 0.097143
0 0.980000 0.240000 0.040000 0.108571
0 0.182857 0.178571 0.114286 0.082857
0 0.137143 0.241429 0.131429 0.042857
0 0.295714 0.260000 0.237143 0.097143
0 0.517143 0.530000 0.171429 0.054286
0 0.534286 0.452857 0.131429 0.094286
0 0.412857 0.484286 0.157143 0.111429
0 0.292857 0.428571 0.077143 0.040000
0 0.405714 0.365714 0.120000 0.108571
0 0.210000 0.392857 0.100000 0.048571
0 0.040000 0.387143 0.074286 0.077143
0 0.107143 0.374286 0.082857 0.045714
0 0.081429 0.308571 0.082857 0.085714
0 0.150000 0.294286 0.054286 0.057143
0 0.255714 0.325714 0.168571 0.068571
0 0.308571 0.362857 0.091429 0.097143
0 0.285714 0.138571 0.120000 0.128571
0 0.381429 0.108571 0.100000 0.211429
0 0.935714 0.248571 0.048571 0.045714
0 0.660000 0.490000 0.114286 0.094286