0 0.420000 0.624286 0.331429 0.294286
0 0.308571 0.867143 0.291429 0.265714
0 0.042857 0.944286 0.080000 0.100000
0 0.461429 0.084286 0.220000 0.162857
0 0.212857 0.050000 0.254286 0.094286
0 0.190000 0.215714 0.374286 0.265714
0 0.122857 0.440000 0.091429 0.091429
0 0.947143 0.122857 0.105714 0.240000
0 0.691429 0.054286 0.274286 0.102857
0 0.538571 0.248571 0.117143 0.114286
0 0.944286 0.864286 0.111429 0.145714
0 0.824286 0.717143 0.151429 0.108571
0 0.738571 0.811429 0.060000 0.074286
0 0.874286 0.071429 0.097143 0.068571