0 0.540000 0.911429 0.920000 0.177143
0 0.277143 0.835714 0.057143 0.048571
0 0.121429 0.720000 0.237143 0.240000
0 0.294286 0.647143 0.354286 0.368571
0 0.122857 0.160000 0.114286 0.091429
0 0.284286 0.201429 0.185714 0.157143
0 0.190000 0.291429 0.088571 0.108571
0 0.402857 0.392857 0.314286 0.231429
0 0.471429 0.224286 0.148571 0.208571
0 0.757143 0.231429 0.280000 0.268571
0 0.925714 0.248571 0.148571 0.205714
0 0.931429 0.510000 0.137143 0.351429
0 0.545714 0.578571 0.194286 0.151429
0 0.634286 0.341429 0.177143 0.357143
0 0.722857 0.777143 0.554286 0.308571
0 0.777143 0.494286 0.262857 0.291429