0 0.304286 0.695714 0.105714 0.117143
0 0.262857 0.950000 0.148571 0.094286
0 0.360000 0.931429 0.057143 0.137143
0 0.234286 0.832857 0.188571 0.168571
0 0.205714 0.702857 0.097143 0.097143
0 0.050000 0.938571 0.077143 0.122857
0 0.028571 0.655714 0.051429 0.060000
0 0.132857 0.950000 0.094286 0.077143
0 0.082857 0.825714 0.102857 0.182857
0 0.092857 0.685714 0.100000 0.125714
0 0.044286 0.574286 0.082857 0.085714
0 0.132857 0.552857 0.094286 0.145714
0 0.210000 0.530000 0.077143 0.082857
0 0.217143 0.600000 0.051429 0.068571