0 0.842857 0.565714 0.125714 0.097143
0 0.940000 0.590000 0.080000 0.082857
0 0.802857 0.725714 0.125714 0.068571
0 0.707143 0.520000 0.082857 0.091429
0 0.848571 0.661429 0.074286 0.042857
0 0.894286 0.751429 0.062857 0.102857
0 0.564286 0.760000 0.094286 0.080000
0 0.674286 0.734286 0.120000 0.142857
0 0.588571 0.637143 0.131429 0.154286
0 0.624286 0.527143 0.071429 0.134286
0 0.460000 0.494286 0.137143 0.131429
0 0.150000 0.545714 0.168571 0.148571
0 0.314286 0.587143 0.165714 0.117143
0 0.084286 0.321429 0.162857 0.122857
0 0.174286 0.384286 0.228571 0.185714
0 0.330000 0.422857 0.180000 0.234286
0 0.471429 0.394286 0.108571 0.085714
0 0.570000 0.460000 0.094286 0.097143
0 0.908571 0.144286 0.068571 0.077143
0 0.630000 0.245714 0.077143 0.108571
0 0.662857 0.301429 0.085714 0.100000
0 0.037143 0.097143 0.068571 0.160000
0 0.178571 0.032857 0.065714 0.060000
0 0.138571 0.121429 0.145714 0.145714
0 0.257143 0.094286 0.108571 0.085714
0 0.338571 0.034286 0.065714 0.062857
0 0.447143 0.045714 0.100000 0.085714
0 0.380000 0.132857 0.097143 0.111429
0 0.264286 0.181429 0.122857 0.100000
0 0.394286 0.222857 0.154286 0.080000
0 0.445714 0.278571 0.080000 0.031429
0 0.500000 0.301429 0.040000 0.025714
0 0.552857 0.234286 0.060000 0.114286
0 0.495714 0.217143 0.071429 0.091429
0 0.505714 0.135714 0.057143 0.077143
0 0.542857 0.077143 0.068571 0.068571
0 0.557143 0.142857 0.051429 0.091429
0 0.614286 0.160000 0.057143 0.051429
0 0.611429 0.045714 0.068571 0.085714
0 0.674286 0.098571 0.080000 0.071429
0 0.748571 0.075714 0.051429 0.117143
0 0.741429 0.224286 0.162857 0.151429