0 0.367143 0.837143 0.180000 0.245714
0 0.720000 0.801429 0.080000 0.105714
0 0.595714 0.761429 0.054286 0.082857
0 0.710000 0.717143 0.060000 0.091429
0 0.515714 0.608571 0.111429 0.154286
0 0.430000 0.457143 0.100000 0.154286
0 0.394286 0.265714 0.091429 0.240000
0 0.621429 0.077143 0.077143 0.080000
0 0.785714 0.304286 0.131429 0.248571
0 0.931429 0.398571 0.137143 0.185714
0 0.921429 0.538571 0.117143 0.105714
0 0.970000 0.680000 0.060000 0.154286
0 0.838571 0.374286 0.117143 0.257143
0 0.921429 0.264286 0.111429 0.105714
0 0.430000 0.741429 0.065714 0.077143
0 0.035714 0.235714 0.037143 0.054286
0 0.035714 0.037143 0.065714 0.045714