0 0.427143 0.684286 0.094286 0.157143
0 0.304286 0.700000 0.088571 0.120000
0 0.782857 0.241429 0.080000 0.071429
0 0.758571 0.077143 0.071429 0.148571
0 0.805714 0.035714 0.057143 0.065714
0 0.887143 0.117143 0.060000 0.074286
0 0.968571 0.320000 0.062857 0.102857
0 0.898571 0.235714 0.077143 0.214286
0 0.835714 0.130000 0.077143 0.162857
0 0.905714 0.065714 0.097143 0.125714
0 0.974286 0.124286 0.051429 0.065714
0 0.964286 0.220000 0.071429 0.131429
0 0.980000 0.037143 0.040000 0.068571
0 0.700000 0.081429 0.051429 0.157143
0 0.724286 0.212857 0.071429 0.077143
0 0.357143 0.415714 0.085714 0.094286
0 0.222857 0.720000 0.097143 0.177143
0 0.201429 0.854286 0.060000 0.080000
0 0.271429 0.890000 0.080000 0.128571
0 0.335714 0.840000 0.060000 0.074286
0 0.355714 0.911429 0.094286 0.177143
0 0.082857 0.774286 0.114286 0.085714
0 0.057143 0.905714 0.080000 0.074286
0 0.127143 0.924286 0.122857 0.151429
0 0.307143 0.071429 0.117143 0.137143
0 0.485714 0.057143 0.148571 0.108571
0 0.611429 0.110000 0.131429 0.214286
0 0.642857 0.152857 0.062857 0.094286
0 0.411429 0.148571 0.074286 0.097143
0 0.458571 0.307143 0.094286 0.065714
0 0.471429 0.188571 0.177143 0.171429
0 0.482857 0.485714 0.068571 0.211429
0 0.554286 0.412857 0.097143 0.100000
0 0.617143 0.275714 0.240000 0.162857
0 0.438571 0.832857 0.060000 0.100000
0 0.432857 0.948571 0.065714 0.102857
0 0.548571 0.751429 0.068571 0.177143
0 0.515714 0.917143 0.094286 0.165714
0 0.625714 0.641429 0.120000 0.185714
0 0.624286 0.470000 0.197143 0.214286
0 0.770000 0.451429 0.140000 0.165714
0 0.874286 0.431429 0.068571 0.131429
0 0.780000 0.628571 0.045714 0.057143
0 0.901429 0.574286 0.191429 0.114286
0 0.885714 0.494286 0.148571 0.080000
0 0.777143 0.561429 0.097143 0.065714
0 0.648571 0.900000 0.142857 0.200000
0 0.935714 0.984286 0.105714 0.031429
0 0.921429 0.742857 0.157143 0.222857
0 0.798571 0.830000 0.151429 0.162857
0 0.801429 0.948571 0.197143 0.102857
0 0.915714 0.898571 0.117143 0.111429
0 0.254286 0.355714 0.091429 0.111429
0 0.311429 0.478571 0.108571 0.168571
0 0.330000 0.602857 0.071429 0.091429
0 0.384286 0.578571 0.048571 0.071429