0 0.515714 0.387143 0.168571 0.174286
0 0.528571 0.247143 0.080000 0.077143
0 0.382857 0.158571 0.160000 0.202857
0 0.368571 0.035714 0.097143 0.065714
0 0.224286 0.101429 0.231429 0.197143
0 0.261429 0.268571 0.225714 0.148571
0 0.305714 0.670000 0.285714 0.660000
0 0.544286 0.612857 0.094286 0.271429
0 0.518571 0.045714 0.122857 0.085714
0 0.771429 0.255714 0.177143 0.505714
0 0.664286 0.341429 0.134286 0.265714
0 0.764286 0.542857 0.168571 0.085714
0 0.711429 0.667143 0.251429 0.237143
0 0.687143 0.895714 0.322857 0.208571
0 0.967143 0.220000 0.065714 0.177143
0 0.892857 0.184286 0.088571 0.128571
0 0.905714 0.355714 0.102857 0.082857
0 0.880000 0.670000 0.108571 0.180000
0 0.934286 0.875714 0.131429 0.248571
0 0.964286 0.611429 0.071429 0.120000