0 0.617143 0.650000 0.108571 0.151429
0 0.555714 0.578571 0.122857 0.534286
0 0.478571 0.204286 0.157143 0.334286
0 0.635714 0.161429 0.168571 0.317143
0 0.738571 0.417143 0.065714 0.102857
0 0.941429 0.314286 0.082857 0.194286
0 0.814286 0.300000 0.085714 0.131429
0 0.795714 0.155714 0.088571 0.077143
0 0.897143 0.175714 0.034286 0.117143
0 0.981429 0.128571 0.037143 0.137143
0 0.812857 0.570000 0.065714 0.162857
0 0.890000 0.554286 0.060000 0.102857
0 0.894286 0.628571 0.074286 0.125714
0 0.968571 0.590000 0.062857 0.128571
0 0.731429 0.667143 0.074286 0.077143
0 0.704286 0.851429 0.145714 0.182857
0 0.824286 0.802857 0.071429 0.108571
0 0.527143 0.888571 0.117143 0.097143
0 0.385714 0.654286 0.051429 0.080000