0 0.548571 0.668571 0.131429 0.131429
0 0.578571 0.332857 0.117143 0.105714
0 0.515714 0.480000 0.134286 0.205714
0 0.637143 0.592857 0.091429 0.140000
0 0.725714 0.711429 0.057143 0.154286
0 0.588571 0.865714 0.188571 0.268571
0 0.390000 0.402857 0.105714 0.131429
0 0.438571 0.570000 0.111429 0.220000
0 0.410000 0.788571 0.111429 0.234286
0 0.382857 0.944286 0.091429 0.100000
0 0.617143 0.450000 0.080000 0.157143
0 0.682857 0.315714 0.114286 0.128571
0 0.704286 0.450000 0.077143 0.237143
0 0.774286 0.490000 0.062857 0.174286
0 0.768571 0.940000 0.177143 0.120000