0 0.922857 0.661429 0.154286 0.231429
0 0.051429 0.030000 0.097143 0.054286
0 0.332857 0.034286 0.140000 0.062857
0 0.437143 0.095714 0.222857 0.128571
0 0.118571 0.228571 0.231429 0.388571
0 0.670000 0.340000 0.111429 0.114286
0 0.382857 0.327143 0.331429 0.471429
0 0.705714 0.444286 0.114286 0.117143
0 0.734286 0.550000 0.085714 0.128571
0 0.702857 0.677143 0.137143 0.148571
0 0.554286 0.480000 0.360000 0.468571
0 0.928571 0.604286 0.142857 0.065714
0 0.942857 0.674286 0.114286 0.091429
0 0.874286 0.705714 0.074286 0.051429
0 0.360000 0.574286 0.108571 0.097143
0 0.562857 0.147143 0.068571 0.054286
0 0.552857 0.238571 0.048571 0.060000