0 0.191429 0.132857 0.320000 0.260000
0 0.137143 0.754286 0.268571 0.491429
0 0.644286 0.071429 0.071429 0.102857
0 0.375714 0.075714 0.128571 0.145714
0 0.372857 0.757143 0.128571 0.177143
0 0.285714 0.665714 0.148571 0.205714
0 0.187143 0.468571 0.248571 0.205714
0 0.101429 0.380000 0.197143 0.268571
0 0.887143 0.621429 0.140000 0.105714
0 0.951429 0.724286 0.097143 0.117143
0 0.824286 0.945714 0.088571 0.108571
0 0.854286 0.721429 0.108571 0.094286
0 0.947143 0.808571 0.105714 0.120000
0 0.965714 0.900000 0.068571 0.102857
0 0.868571 0.792857 0.102857 0.094286
0 0.785714 0.517143 0.097143 0.102857
0 0.720000 0.435714 0.062857 0.071429
0 0.658571 0.362857 0.060000 0.091429
0 0.615714 0.282857 0.094286 0.108571
0 0.535714 0.191429 0.077143 0.085714
0 0.674286 0.728571 0.097143 0.085714
0 0.685714 0.958571 0.051429 0.065714
0 0.761429 0.945714 0.031429 0.057143
0 0.935714 0.060000 0.105714 0.114286
0 0.441429 0.414286 0.082857 0.097143
0 0.508571 0.510000 0.097143 0.105714