0 0.605714 0.840000 0.165714 0.131429
0 0.310000 0.597143 0.105714 0.165714
0 0.675714 0.407143 0.111429 0.140000
0 0.758571 0.168571 0.082857 0.085714
0 0.800000 0.251429 0.062857 0.074286
0 0.860000 0.271429 0.074286 0.051429
0 0.841429 0.437143 0.105714 0.114286
0 0.971429 0.367143 0.057143 0.191429
0 0.445714 0.468571 0.085714 0.091429
0 0.738571 0.724286 0.100000 0.168571
0 0.125714 0.774286 0.108571 0.137143
0 0.230000 0.678571 0.094286 0.157143
0 0.391429 0.532857 0.062857 0.157143
0 0.477143 0.594286 0.085714 0.114286
0 0.545714 0.525714 0.102857 0.137143
0 0.564286 0.411429 0.071429 0.045714
0 0.620000 0.485714 0.062857 0.114286
0 0.700000 0.560000 0.074286 0.165714
0 0.604286 0.650000 0.122857 0.100000
0 0.552857 0.752857 0.105714 0.100000
0 0.465714 0.867143 0.051429 0.071429
0 0.820000 0.345714 0.194286 0.137143
0 0.918571 0.218571 0.162857 0.094286
0 0.751429 0.051429 0.120000 0.097143
0 0.842857 0.497143 0.160000 0.131429
0 0.961429 0.562857 0.077143 0.154286