0 0.675714 0.701429 0.065714 0.065714
0 0.814286 0.920000 0.091429 0.051429
0 0.711429 0.775714 0.120000 0.145714
0 0.664286 0.865714 0.077143 0.068571
0 0.510000 0.661429 0.088571 0.100000
0 0.454286 0.730000 0.080000 0.071429
0 0.550000 0.758571 0.088571 0.117143
0 0.620000 0.740000 0.068571 0.222857
0 0.741429 0.608571 0.094286 0.148571
0 0.867143 0.704286 0.185714 0.054286
0 0.952857 0.601429 0.082857 0.105714
0 0.812857 0.570000 0.037143 0.037143
0 0.868571 0.625714 0.097143 0.057143
0 0.784286 0.500000 0.065714 0.085714
0 0.882857 0.490000 0.120000 0.054286
0 0.871429 0.430000 0.074286 0.082857
0 0.941429 0.404286 0.088571 0.048571