0 0.807143 0.700000 0.145714 0.097143
0 0.897143 0.578571 0.102857 0.145714
0 0.668571 0.881429 0.068571 0.071429
0 0.822857 0.861429 0.240000 0.145714
0 0.884286 0.308571 0.231429 0.182857
0 0.880000 0.425714 0.091429 0.085714
0 0.740000 0.522857 0.091429 0.062857
0 0.805714 0.572857 0.074286 0.140000
0 0.402857 0.137143 0.114286 0.142857
0 0.931429 0.052857 0.137143 0.100000
0 0.711429 0.197143 0.108571 0.091429
0 0.817143 0.138571 0.114286 0.094286
0 0.592857 0.041429 0.168571 0.077143
0 0.304286 0.047143 0.151429 0.088571
0 0.600000 0.358571 0.114286 0.122857
0 0.707143 0.390000 0.100000 0.088571
0 0.777143 0.460000 0.062857 0.045714
0 0.520000 0.301429 0.062857 0.071429
0 0.567143 0.240000 0.077143 0.074286
0 0.537143 0.171429 0.062857 0.080000
0 0.647143 0.148571 0.088571 0.142857
0 0.798571 0.022857 0.048571 0.040000