0 0.232857 0.032857 0.060000 0.060000
0 0.214286 0.104286 0.080000 0.105714
0 0.245714 0.175714 0.074286 0.082857
0 0.305714 0.232857 0.085714 0.117143
0 0.364286 0.207143 0.042857 0.094286
0 0.392857 0.150000 0.031429 0.065714
0 0.420000 0.105714 0.034286 0.051429
0 0.452857 0.070000 0.042857 0.048571
0 0.485714 0.024286 0.051429 0.042857
0 0.281429 0.330000 0.071429 0.065714
0 0.238571 0.394286 0.060000 0.068571
0 0.205714 0.441429 0.040000 0.060000
0 0.162857 0.477143 0.062857 0.074286
0 0.124286 0.510000 0.054286 0.065714
0 0.088571 0.562857 0.062857 0.045714
0 0.064286 0.618571 0.048571 0.054286
0 0.032857 0.641429 0.042857 0.054286
0 0.018571 0.645714 0.031429 0.068571
0 0.611429 0.027143 0.228571 0.048571
0 0.571429 0.072857 0.068571 0.088571
0 0.727143 0.042857 0.105714 0.080000
0 0.512857 0.171429 0.134286 0.080000
0 0.381429 0.338571 0.157143 0.162857
0 0.307143 0.428571 0.145714 0.131429
0 0.230000 0.501429 0.077143 0.065714
0 0.170000 0.568571 0.088571 0.074286