0 0.805714 0.497143 0.280000 0.200000
0 0.204286 0.760000 0.088571 0.240000
0 0.460000 0.801429 0.051429 0.111429
0 0.520000 0.747143 0.080000 0.191429
0 0.300000 0.641429 0.057143 0.151429
0 0.401429 0.602857 0.105714 0.091429
0 0.407143 0.702857 0.128571 0.137143
0 0.345714 0.961429 0.125714 0.077143
0 0.398571 0.874286 0.088571 0.125714
0 0.112857 0.867143 0.082857 0.082857
0 0.051429 0.944286 0.097143 0.111429
0 0.494286 0.921429 0.062857 0.157143
0 0.557143 0.895714 0.034286 0.054286
0 0.660000 0.625714 0.085714 0.125714
0 0.758571 0.604286 0.128571 0.082857
0 0.937143 0.735714 0.125714 0.168571
0 0.981429 0.495714 0.037143 0.294286
0 0.914286 0.035714 0.171429 0.065714
0 0.948571 0.075714 0.102857 0.145714
0 0.974286 0.244286 0.051429 0.100000
0 0.668571 0.792857 0.114286 0.157143
0 0.722857 0.915714 0.142857 0.088571
0 0.791429 0.770000 0.125714 0.214286
0 0.745714 0.671429 0.057143 0.085714
0 0.480000 0.581429 0.091429 0.077143