0 0.557143 0.420000 0.240000 0.371429
0 0.744286 0.901429 0.145714 0.111429
0 0.834286 0.968571 0.068571 0.062857
0 0.965714 0.745714 0.051429 0.062857
0 0.774286 0.574286 0.142857 0.228571
0 0.938571 0.501429 0.122857 0.100000
0 0.942857 0.635714 0.114286 0.088571
0 0.871429 0.090000 0.165714 0.082857
0 0.907143 0.091429 0.122857 0.177143
0 0.981429 0.020000 0.037143 0.034286
0 0.635714 0.194286 0.071429 0.062857
0 0.705714 0.221429 0.102857 0.060000
0 0.737143 0.284286 0.091429 0.082857
0 0.655714 0.520000 0.077143 0.091429
0 0.664286 0.642857 0.071429 0.080000
0 0.410000 0.501429 0.117143 0.128571
0 0.317143 0.492857 0.085714 0.065714
0 0.154286 0.388571 0.137143 0.171429
0 0.225714 0.058571 0.308571 0.111429
0 0.347143 0.130000 0.214286 0.117143
0 0.452857 0.215714 0.145714 0.128571
0 0.374286 0.301429 0.222857 0.180000
0 0.235714 0.315714 0.082857 0.071429
0 0.241429 0.425714 0.082857 0.097143
0 0.044286 0.280000 0.082857 0.120000
0 0.058571 0.155714 0.111429 0.128571
0 0.184286 0.237143 0.202857 0.142857
0 0.882857 0.800000 0.057143 0.057143
0 0.400000 0.650000 0.091429 0.128571