0 0.628571 0.358571 0.114286 0.282857
0 0.732857 0.318571 0.151429 0.248571
0 0.161429 0.638571 0.105714 0.208571
0 0.622857 0.708571 0.102857 0.137143
0 0.891429 0.521429 0.217143 0.957143
0 0.861429 0.434286 0.060000 0.114286
0 0.851429 0.534286 0.062857 0.091429
0 0.828571 0.618571 0.062857 0.105714
0 0.807143 0.721429 0.037143 0.117143
0 0.834286 0.808571 0.080000 0.068571
0 0.930000 0.828571 0.140000 0.085714
0 0.977143 0.914286 0.045714 0.171429
0 0.861429 0.954286 0.100000 0.074286
0 0.865714 0.325714 0.062857 0.091429
0 0.895714 0.237143 0.065714 0.125714
0 0.934286 0.132857 0.051429 0.134286
0 0.975714 0.075714 0.048571 0.065714
0 0.211429 0.914286 0.240000 0.171429
0 0.370000 0.918571 0.048571 0.082857
0 0.041429 0.975714 0.077143 0.048571
0 0.148571 0.311429 0.291429 0.320000
0 0.465714 0.100000 0.268571 0.194286
0 0.680000 0.144286 0.171429 0.134286
0 0.775714 0.031429 0.065714 0.057143
0 0.635714 0.040000 0.100000 0.074286
0 0.385714 0.201429 0.045714 0.054286
0 0.368571 0.367143 0.108571 0.174286
0 0.494286 0.257143 0.154286 0.142857
0 0.485714 0.405714 0.160000 0.165714
0 0.502857 0.570000 0.165714 0.174286
0 0.664286 0.564286 0.094286 0.128571
0 0.247143 0.654286 0.117143 0.371429
0 0.440000 0.721429 0.274286 0.300000
0 0.522857 0.920000 0.074286 0.068571
0 0.615714 0.965714 0.082857 0.068571
0 0.760000 0.731429 0.068571 0.085714
0 0.617143 0.864286 0.057143 0.145714
0 0.702857 0.870000 0.102857 0.145714
0 0.072857 0.728571 0.140000 0.165714
0 0.235714 0.047143 0.088571 0.088571