0 0.057143 0.652857 0.108571 0.191429
0 0.082857 0.474286 0.160000 0.222857
0 0.084286 0.315714 0.162857 0.100000
0 0.072857 0.235714 0.140000 0.094286
0 0.078571 0.135714 0.151429 0.122857
0 0.098571 0.042857 0.191429 0.080000
0 0.234286 0.302857 0.062857 0.120000
0 0.307143 0.465714 0.111429 0.142857
0 0.365714 0.505714 0.074286 0.051429
0 0.330000 0.582857 0.117143 0.091429
0 0.332857 0.684286 0.071429 0.145714
0 0.432857 0.640000 0.134286 0.114286
0 0.035714 0.842857 0.065714 0.165714
0 0.100000 0.811429 0.062857 0.085714
0 0.192857 0.567143 0.060000 0.065714
0 0.234286 0.461429 0.062857 0.117143