0 0.647143 0.357143 0.185714 0.074286
0 0.752857 0.180000 0.168571 0.097143
0 0.911429 0.070000 0.177143 0.134286
0 0.974286 0.130000 0.051429 0.077143
0 0.831429 0.315714 0.280000 0.168571
0 0.888571 0.421429 0.200000 0.071429
0 0.720000 0.505714 0.102857 0.097143
0 0.542857 0.267143 0.217143 0.065714
0 0.177143 0.134286 0.114286 0.062857
0 0.314286 0.154286 0.091429 0.080000
0 0.432857 0.178571 0.185714 0.077143
0 0.948571 0.684286 0.091429 0.122857
0 0.894286 0.870000 0.062857 0.100000
0 0.817143 0.750000 0.068571 0.317143
0 0.874286 0.711429 0.074286 0.222857
0 0.831429 0.545714 0.062857 0.074286
0 0.898571 0.558571 0.060000 0.065714
0 0.962857 0.561429 0.074286 0.088571
0 0.657143 0.465714 0.085714 0.091429
0 0.627143 0.411429 0.111429 0.097143
0 0.792857 0.035714 0.157143 0.060000