0 0.307143 0.100000 0.065714 0.085714
0 0.277143 0.378571 0.074286 0.082857
0 0.728571 0.165714 0.542857 0.325714
0 0.501429 0.477143 0.122857 0.188571
0 0.764286 0.548571 0.471429 0.457143
0 0.862857 0.877143 0.274286 0.245714
0 0.247143 0.540000 0.117143 0.154286
0 0.152857 0.402857 0.197143 0.165714
0 0.251429 0.281429 0.108571 0.088571
0 0.117143 0.238571 0.188571 0.162857
0 0.222857 0.148571 0.080000 0.165714
0 0.115714 0.085714 0.214286 0.165714
0 0.285714 0.038571 0.074286 0.071429
0 0.387143 0.601429 0.082857 0.094286
0 0.461429 0.675714 0.071429 0.071429
0 0.372857 0.738571 0.340000 0.180000
0 0.632857 0.821429 0.197143 0.117143
0 0.697143 0.922857 0.097143 0.120000
0 0.588571 0.910000 0.165714 0.162857
0 0.388571 0.907143 0.262857 0.185714
0 0.192857 0.880000 0.122857 0.160000
0 0.162857 0.962857 0.222857 0.074286
0 0.647143 0.704286 0.094286 0.094286
0 0.710000 0.368571 0.094286 0.068571
0 0.812857 0.362857 0.065714 0.051429
0 0.960000 0.175714 0.080000 0.168571
0 0.954286 0.885714 0.091429 0.125714