0 0.532857 0.130000 0.231429 0.231429
0 0.295714 0.181429 0.197143 0.357143
0 0.104286 0.261429 0.202857 0.300000
0 0.077143 0.475714 0.148571 0.225714
0 0.191429 0.490000 0.165714 0.214286
0 0.135714 0.791429 0.191429 0.405714
0 0.321429 0.780000 0.180000 0.165714
0 0.320000 0.621429 0.085714 0.162857
0 0.954286 0.884286 0.091429 0.168571
0 0.907143 0.261429 0.185714 0.282857
0 0.927143 0.690000 0.145714 0.151429
0 0.485714 0.468571 0.240000 0.297143
0 0.704286 0.327143 0.260000 0.271429
0 0.875714 0.517143 0.248571 0.240000